0.000000000000000000e+00 0.000000000000000000e+00
6.289350384444184795e-03 3.955723223423690782e-05
1.257795439362587378e-02 1.582257993773870757e-04
1.886506570149035916e-02 3.559963129364646355e-04
2.514993808039580128e-02 6.328531260421355574e-04
3.143182545031283220e-02 9.887743343771468376e-04
3.770998192801600785e-02 1.423731777476060223e-03
4.398366187626435303e-02 1.937691040396218121e-03
5.025211995296828549e-02 2.530611455759857690e-03
5.651461116034016408e-02 3.202446106167265369e-03
6.277039089402582095e-02 3.953141826980839137e-03
6.901871499221430561e-02 4.782639209479918642e-03
7.525883978472298896e-02 5.690872604386209080e-03
8.149002214205566808e-02 6.677770125759625343e-03
8.771151952443057009e-02 7.743253655264343074e-03
9.392259003077561841e-02 8.887238846804810730e-03
1.001224924476885325e-01 1.010963513153152575e-02
1.063104862983587362e-01 1.141034572321627735e-02
1.124858318914484234e-01 1.278926762399657836e-02
1.186477903699301173e-01 1.424629163048895565e-02
1.247956237598781548e-01 1.578130234027085022e-02
1.309285950192110304e-01 1.739417815873072967e-02
1.370459680863824470e-01 1.908479130628602805e-02
1.431470079290174946e-01 2.085300782596857805e-02
1.492309805924925403e-01 2.269868759137718198e-02
1.552971532484547779e-01 2.462168431499675569e-02
1.613447942432797433e-01 2.662184555688373866e-02
1.673731731464636330e-01 2.869901273371727735e-02
1.733815607989477037e-01 3.085302112821564427e-02
1.793692293613726452e-01 3.308369989891752488e-02
1.853354523622593730e-01 3.539087209032751313e-02
1.912795047461141595e-01 3.777435464342535076e-02
1.972006629214555218e-01 4.023395840653837957e-02
2.030982048087596470e-01 4.276948814657659942e-02
2.089714098883223292e-01 4.538074256062969020e-02
2.148195592480341143e-01 4.806751428792552933e-02
2.206419356310666269e-01 5.082958992214934441e-02
2.264378234834670545e-01 5.366675002412319567e-02
2.322065090016583178e-01 5.657876913484471970e-02
2.379472801798419579e-01 5.956541578888466942e-02
2.436594268573015754e-01 6.262645252814263985e-02
2.493422407656041007e-01 6.576163591596005664e-02
2.549950155756955938e-01 6.897071655158955317e-02
2.606170469448904625e-01 7.225343908502063206e-02
2.662076325637494079e-01 7.560954223215987646e-02
2.717660722028453768e-01 7.903875879036563468e-02
2.772916677594141066e-01 8.254081565433626921e-02
2.827837233038863474e-01 8.611543383235059634e-02
2.882415451263000139e-01 8.976232846286044675e-02
2.936644417825886588e-01 9.348120883143382076e-02
2.990517241407447679e-01 9.727177838804802745e-02
3.044027054268546029e-01 1.011337347647321000e-01
3.097167012710020373e-01 1.050667697935568634e-01
3.149930297530394441e-01 1.090705695249726687e-01
3.202310114482219139e-01 1.131448142464929335e-01
3.254299694727039172e-01 1.172891785017229349e-01
3.305892295288940796e-01 1.215033311097332286e-01
3.357081199506671276e-01 1.257869351847755168e-01
3.407859717484290618e-01 1.301396481563411589e-01
3.458221186540346714e-01 1.345611217895607836e-01
3.508158971655526703e-01 1.390510022059434914e-01
3.557666465918786769e-01 1.436089299044553402e-01
3.606737090971910420e-01 1.482345397829355205e-01
3.655364297452485811e-01 1.529274611598488987e-01
3.703541565435272132e-01 1.576873177963746542e-01
3.751262404871929523e-01 1.625137279188284822e-01
3.798520356029090328e-01 1.674063042414187796e-01
3.845308989924750565e-01 1.723646539893340934e-01
3.891621908762940008e-01 1.773883789221615548e-01
3.937452746366677525e-01 1.824770753576350490e-01
3.982795168609151726e-01 1.876303341957110682e-01
4.027642873843133575e-01 1.928477409429719958e-01
4.071989593328574908e-01 1.981288757373550480e-01
4.115829091658385064e-01 2.034733133732050392e-01
4.159155167182343460e-01 2.088806233266508605e-01
4.201961652429150318e-01 2.143503697813034514e-01
4.244242414526563367e-01 2.198821116542736265e-01
4.285991355619614973e-01 2.254754026225095631e-01
4.327202413286886928e-01 2.311297911494515633e-01
4.367869560954801833e-01 2.368448205120027295e-01
4.407986808309933835e-01 2.426200288278147210e-01
4.447548201709292104e-01 2.484549490828866225e-01
4.486547824588568156e-01 2.543491091594758391e-01
4.524979797868314835e-01 2.603020318643186060e-01
4.562838280358048060e-01 2.663132349571608048e-01
4.600117469158228611e-01 2.723822311795945916e-01
4.636811600060115057e-01 2.785085282842011956e-01
4.672914947943471176e-01 2.846916290639992519e-01
4.708421827172080132e-01 2.909310313821941163e-01
4.743326591987073182e-01 2.972262282022289370e-01
4.777623636898031267e-01 3.035767076181361546e-01
4.811307397071841740e-01 3.099819528851852080e-01
4.844372348719291343e-01 3.164414424508285584e-01
4.876813009479372685e-01 3.229546499859402564e-01
4.908623938801279785e-01 3.295210444163494401e-01
4.939799738324073264e-01 3.361400899546642118e-01
4.970335052253990749e-01 3.428112461323846727e-01
5.000224567739388615e-01 3.495339678323055033e-01
5.029463015243285096e-01 3.563077053212033163e-01
5.058045168913484213e-01 3.631319042828088373e-01
5.085965846950271096e-01 3.700060058510626915e-01
5.113219911971639275e-01 3.769294466436510782e-01
5.139802271376046061e-01 3.839016587958206661e-01
5.165707877702664375e-01 3.909220699944725985e-01
5.190931728989115479e-01 3.979901035125298914e-01
5.215468869126662632e-01 4.051051782435798887e-01
5.239314388212837903e-01 4.122667087367881122e-01
5.262463422901499932e-01 4.194741052320830610e-01
5.284911156750276007e-01 4.267267736956085189e-01
5.306652820565394002e-01 4.340241158554415390e-01
5.327683692743870880e-01 4.413655292375768813e-01
5.347999099613034435e-01 4.487504072021722412e-01
5.367594415767378280e-01 4.561781389800542708e-01
5.386465064402703451e-01 4.636481097094843906e-01
5.404606517647556618e-01 4.711597004731805094e-01
5.422014296891911611e-01 4.787122883355927616e-01
5.438683973113117576e-01 4.863052463804339309e-01
5.454611167199053812e-01 4.939379437484592295e-01
5.469791550268496838e-01 5.016097456754946560e-01
5.484220843988680816e-01 5.093200135307134335e-01
5.497894820890019130e-01 5.170681048551561965e-01
5.510809304677980469e-01 5.248533734004934281e-01
5.522960170542102754e-01 5.326751691680300382e-01
5.534343345462109376e-01 5.405328384479469728e-01
5.544954808511144417e-01 5.484257238587801897e-01
5.554790591156059110e-01 5.563531643871331145e-01
5.563846777554791734e-01 5.643144954276225755e-01
5.572119504850767679e-01 5.723090488230537787e-01
5.579604963464339651e-01 5.803361529048232104e-01
5.586299397381239151e-01 5.883951325335486926e-01
5.592199104438017043e-01 5.964853091399214824e-01
5.597300436604464302e-01 6.046060007657804158e-01
5.601599800262990758e-01 6.127565221054059874e-01
5.605093656484956277e-01 6.209361845470308117e-01
5.607778521303919961e-01 6.291442962145645801e-01
5.609650965985806259e-01 6.373801620095332909e-01
5.610707617295971339e-01 6.456430836532267570e-01
5.610945157763137514e-01 6.539323597290563894e-01
5.610360325940211279e-01 6.622472857251165967e-01
5.608949916661928325e-01 6.705871540769527961e-01
5.606710781299356627e-01 6.789512542105277104e-01
5.603639828011197643e-01 6.873388725853882830e-01
5.599734021991901178e-01 6.957492927380305447e-01
5.594990385716572812e-01 7.041817953254556617e-01
5.589405999182649465e-01 7.126356581689214931e-01
5.582978000148333120e-01 7.211101562978818880e-01
5.575703584367783794e-01 7.296045619941146088e-01
5.567580005823027367e-01 7.381181448360325525e-01
5.558604576952592691e-01 7.466501717431806018e-01
5.548774668876843563e-01 7.551999070209102216e-01
5.538087711620017783e-01 7.637666124052322481e-01
5.526541194328918882e-01 7.723495471078477559e-01
5.514132665488291618e-01 7.809479678613490128e-01
5.500859733132840157e-01 7.895611289645921849e-01
5.486720065055883389e-01 7.981882823282396844e-01
5.471711389014635163e-01 8.068286775204662753e-01
5.455831492932100568e-01 8.154815618128306021e-01
5.439078225095564934e-01 8.241461802263058134e-01
5.421449494351679999e-01 8.328217755774700581e-01
5.402943270298112832e-01 8.415075885248528564e-01
5.383557583471776375e-01 8.502028576154339046e-01
5.363290525533588315e-01 8.589068193312947574e-01
5.342140249449794931e-01 8.676187081364176157e-01
5.320104969669802175e-01 8.763377565236307731e-01
5.297182962300546194e-01 8.850631950616975052e-01
5.273372565277347768e-01 8.937942524425452895e-01
5.248672178531280652e-01 9.025301555286355804e-01
5.223080264153017183e-01 9.112701294004672548e-01
5.196595346553147809e-01 9.200133974042143947e-01
5.169216012618974565e-01 9.287591811994950763e-01
5.140940911867744045e-01 9.375067008072683894e-01
5.111768756596338781e-01 9.462551746578555800e-01
5.081698322027397019e-01 9.550038196390882028e-01
5.050728446451856479e-01 9.637518511445721803e-01
5.018858031367917638e-01 9.724984831220734316e-01
4.986086041616417108e-01 9.812429281220161892e-01
4.952411505512582801e-01 9.899843973460963342e-01
4.917833514974205844e-01 9.987221006960026459e-01
4.882351225646160420e-01 1.007455246822247963e+00
4.845963857021323151e-01 1.016183043173102929e+00
4.808670692557839299e-01 1.024904696043633656e+00
4.770471079792752978e-01 1.033619410624837975e+00
4.731364430451980296e-01 1.042326391052879275e+00
4.691350220556623207e-01 1.051024840458413934e+00
4.650427990525626276e-01 1.059713961016011563e+00
4.608597345274738077e-01 1.068392953993662520e+00
4.565857954311809408e-01 1.077061019802374453e+00
4.522209551828395568e-01 1.085717358045849013e+00
4.477651936787661602e-01 1.094361167570242044e+00
4.432184973008586049e-01 1.102991646514002611e+00
4.385808589246469880e-01 1.111607992357783070e+00
4.338522779269700647e-01 1.120209401974428864e+00
4.290327601932828472e-01 1.128795071679033368e+00
4.241223181245895035e-01 1.137364197279061351e+00
4.191209706440040539e-01 1.145915974124538828e+00
4.140287432029370329e-01 1.154449597158303309e+00
4.088456677869077849e-01 1.162964260966314667e+00
4.035717829209826135e-01 1.171459159828019514e+00
3.982071336748366219e-01 1.179933487766775979e+00
3.927517716674409631e-01 1.188386438600322226e+00
3.872057550713735030e-01 1.196817205991298261e+00
3.815691486167528956e-01 1.205224983497812152e+00
3.758420235947955712e-01 1.213608964624048658e+00
3.700244578609965251e-01 1.221968342870918489e+00
3.641165358379303552e-01 1.230302311786745539e+00
3.581183485176760994e-01 1.238610065017988759e+00
3.520299934638629891e-01 1.246890796359994225e+00
3.458515748133373369e-01 1.255143699807780067e+00
3.395832032774512288e-01 1.263367969606844055e+00
3.332249961429705754e-01 1.271562800303997598e+00
3.267770772726065753e-01 1.279727386798218625e+00
3.202395771051630424e-01 1.287860924391525330e+00
3.136126326553082544e-01 1.295962608839863028e+00
3.068963875129640528e-01 1.304031636404004324e+00
3.000909918423158573e-01 1.312067203900459056e+00
2.931966023804414845e-01 1.320068508752392900e+00
2.862133824355609368e-01 1.328034749040547302e+00
2.791415018849030538e-01 1.335965123554164302e+00
2.719811371721941873e-01 1.343858831841907797e+00
2.647324713047643496e-01 1.351715074262782590e+00
2.573956938502730551e-01 1.359533052037044332e+00
2.499710009330543548e-01 1.367311967297102804e+00
2.424585952300816749e-01 1.375051023138410766e+00
2.348586859665499904e-01 1.382749423670338818e+00
2.271714889110788282e-01 1.390406374067032269e+00
2.193972263705343539e-01 1.398021080618246925e+00
2.115361271844699298e-01 1.405592750780161548e+00
2.035884267191869212e-01 1.413120593226165234e+00
1.955543668614141972e-01 1.420603817897614363e+00
1.874341960116089889e-01 1.428041636054557584e+00
1.792281690768747215e-01 1.435433260326428817e+00
1.709365474635013704e-01 1.442777904762700958e+00
1.625595990691248993e-01 1.450074784883498058e+00
1.540975982745071138e-01 1.457323117730168649e+00
1.455508259349360956e-01 1.464522121915810215e+00
1.369195693712486062e-01 1.471671017675745707e+00
1.282041223604710456e-01 1.478769026917951424e+00
1.194047851260844201e-01 1.485815373273426943e+00
1.105218643279099466e-01 1.492809282146511984e+00
1.015556730516166545e-01 1.499749980765141322e+00
9.250653079785133015e-02 1.506636698231039739e+00
8.337476347099269380e-02 1.513468665569848604e+00
7.416070336752571268e-02 1.520245115781189149e+00
6.486468916404242169e-02 1.526965283888651603e+00
5.548706590486546936e-02 1.533628406989713033e+00
4.602818498929623497e-02 1.540233724305577256e+00
3.648840415848790542e-02 1.546780477230939699e+00
2.686808748194369559e-02 1.553267909383666101e+00
1.716760534364265151e-02 1.559695266654389512e+00
7.387334427788506616e-03 1.566061797256021570e+00
-2.472342295811071587e-03 1.572366751773171201e+00
-1.241103558673933502e-02 1.578609383211471817e+00
-2.242834994933683851e-02 1.584788947046815055e+00
-3.252388364843940283e-02 1.590904701274484134e+00
-4.269722872548491893e-02 1.596955906458187746e+00
-5.294797101499367636e-02 1.602941825778990914e+00
-6.327569016141441904e-02 1.608861725084139715e+00
-7.367995963634083045e-02 1.614714872935775425e+00
-8.416034675609554427e-02 1.620500540659540523e+00
-9.471641269968131271e-02 1.626218002393067019e+00
-1.053477125270990966e-01 1.631866535134351315e+00
-1.160537951980298160e-01 1.637445418790005158e+00
-1.268342035908849863e-01 1.642953936223389810e+00
-1.376884745222173301e-01 1.648391373302620089e+00
-1.486161387664969302e-01 1.653757018948444069e+00
-1.596167210762492461e-01 1.659050165181991554e+00
-1.706897402025551180e-01 1.664270107172389768e+00
-1.818347089159094432e-01 1.669416143284241594e+00
-1.930511340274438659e-01 1.674487575124969485e+00
-2.043385164105040175e-01 1.679483707592014818e+00
-2.156963510225871072e-01 1.684403848919894919e+00
-2.271241269276355612e-01 1.689247310727114870e+00
-2.386213273186874595e-01 1.694013408062928994e+00
-2.501874295408815785e-01 1.698701459453951790e+00
-2.618219051148149568e-01 1.703310786950614109e+00
-2.735242197602575920e-01 1.707840716173464557e+00
-2.852938334202144155e-01 1.712290576359308814e+00
-2.971302002853407620e-01 1.716659700407188627e+00
-3.090327688187070598e-01 1.720947424924196945e+00
-3.210009817809122978e-01 1.725153090271125622e+00
-3.330342762555438263e-01 1.729276040607941267e+00
-3.451320836749863230e-01 1.733315623939093220e+00
-3.572938298465734297e-01 1.737271192158643007e+00
-3.695189349790842792e-01 1.741142101095219274e+00
-3.818068137095834702e-01 1.744927710556789080e+00
-3.941568751306022689e-01 1.748627384375253113e+00
-4.065685228176585397e-01 1.752240490450848620e+00
-4.190411548571202349e-01 1.755766400796371141e+00
-4.315741638744023945e-01 1.759204491581202623e+00
-4.441669370625025981e-01 1.762554143175148580e+00
-4.568188562108718709e-01 1.765814740192080512e+00
-4.695292977346190444e-01 1.768985671533379600e+00
-4.822976327040483513e-01 1.772066330431182335e+00
-4.951232268745265341e-01 1.775056114491422310e+00
-5.080054407166832986e-01 1.777954425736668842e+00
-5.209436294469371731e-01 1.780760670648755983e+00
-5.339371430583490508e-01 1.783474260211204809e+00
-5.469853263518028585e-01 1.786094609951431655e+00
-5.600875189675089683e-01 1.788621139982740749e+00
-5.732430554168291836e-01 1.791053275046104343e+00
-5.864512651144275779e-01 1.793390444551718366e+00
-5.997114724107363015e-01 1.795632082620340242e+00
-6.130229966247412454e-01 1.797777628124400007e+00
-6.263851520770852277e-01 1.799826524728886268e+00
-6.397972481234860398e-01 1.801778220932003904e+00
-6.532585891884651330e-01 1.803632170105599286e+00
-6.667684747993947170e-01 1.805387830535352345e+00
-6.803261996208483930e-01 1.807044665460734389e+00
-6.939310534892649818e-01 1.808602143114724337e+00
-7.075823214479172174e-01 1.810059736763289795e+00
-7.212792837821871972e-01 1.811416924744618795e+00
-7.350212160551446994e-01 1.812673190508113485e+00
-7.488073891434279261e-01 1.813828022653130700e+00
-7.626370692734253387e-01 1.814880914967476500e+00
-7.765095180577552547e-01 1.815831366465648244e+00
-7.904239925320427629e-01 1.816678881426822212e+00
-8.043797451919911801e-01 1.817422969432583635e+00
-8.183760240307490497e-01 1.818063145404402947e+00
-8.324120725765641327e-01 1.818598929640845352e+00
-8.464871299307338282e-01 1.819029847854521709e+00
-8.606004308058383678e-01 1.819355431208773854e+00
-8.747512055642614470e-01 1.819575216354091252e+00
-8.889386802569965162e-01 1.819688745464259183e+00
-9.031620766627344032e-01 1.819695566272236942e+00
-9.174206123272314883e-01 1.819595232105759575e+00
-9.317135006029567679e-01 1.819387301922666955e+00
-9.460399506890161403e-01 1.819071340345952192e+00
-9.603991676713518055e-01 1.818646917698533150e+00
-9.747903525632095612e-01 1.818113610037739747e+00
-9.892127023458884283e-01 1.817470999189519043e+00
-1.003665410009746628e+00 1.816718672782352328e+00
-1.018147664595481894e+00 1.815856224280886666e+00
-1.032658651235675462e+00 1.814883253019273557e+00
-1.047197551196597187e+00 1.813799364234217837e+00
-1.061763541920274001e+00 1.812604169097732587e+00
-1.076355797066814945e+00 1.811297284749596059e+00
-1.090973486556995553e+00 1.809878334329511285e+00
-1.105615776615094914e+00 1.808346947008968142e+00
-1.120281829811985208e+00 1.806702758022800337e+00
-1.134970805108474812e+00 1.804945408700439513e+00
-1.149681857898896320e+00 1.803074546496866493e+00
-1.164414140054939262e+00 1.801089825023249436e+00
-1.179166799969736390e+00 1.798990904077279129e+00
-1.193938982602181120e+00 1.796777449673186533e+00
-1.208729829521489219e+00 1.794449134071452789e+00
-1.223538478951999187e+00 1.792005635808200159e+00
-1.238364065818206905e+00 1.789446639724268984e+00
-1.253205721790032090e+00 1.786771836993974683e+00
-1.268062575328319452e+00 1.783980925153544117e+00
-1.282933751730563676e+00 1.781073608129231101e+00
-1.297818373176865547e+00 1.778049596265106835e+00
-1.312715558776109459e+00 1.774908606350525719e+00
-1.327624424612364518e+00 1.771650361647263194e+00
-1.342544083791500142e+00 1.768274591916325633e+00
-1.357473646488030594e+00 1.764781033444426273e+00
-1.372412219992161564e+00 1.761169429070134074e+00
-1.387358908757056808e+00 1.757439528209684187e+00
-1.402312814446314393e+00 1.753591086882453576e+00
-1.417273035981647888e+00 1.749623867736101568e+00
-1.432238669590777391e+00 1.745537640071368690e+00
-1.447208808855520168e+00 1.741332179866537322e+00
-1.462182544760084690e+00 1.737007269801547737e+00
-1.477158965739561403e+00 1.732562699281772201e+00
-1.492137157728610886e+00 1.727998264461445777e+00
-1.507116204210344312e+00 1.723313768266745427e+00
-1.522095186265397304e+00 1.718509020418525379e+00
-1.537073182621186973e+00 1.713583837454701442e+00
-1.552049269701365031e+00 1.708538042752283159e+00
-1.567022521675445423e+00 1.703371466549054247e+00
-1.581992010508616042e+00 1.698083945964899311e+00
-1.596956806011733399e+00 1.692675325022774402e+00
-1.611915975891486719e+00 1.687145454669320754e+00
-1.626868585800741451e+00 1.681494192795120801e+00
-1.641813699389051973e+00 1.675721404254594260e+00
-1.656750378353341269e+00 1.669826960885532063e+00
-1.671677682488751371e+00 1.663810741528270576e+00
-1.686594669739652108e+00 1.657672632044499883e+00
-1.701500396250815950e+00 1.651412525335707704e+00
-1.716393916418747612e+00 1.645030321361256931e+00
-1.731274282943168430e+00 1.638525927156098794e+00
-1.746140546878662825e+00 1.631899256848109880e+00
-1.760991757686464210e+00 1.625150231675067891e+00
-1.775826963286395666e+00 1.618278780001249695e+00
-1.790645210108954721e+00 1.611284837333661679e+00
-1.805445543147540244e+00 1.604168346337891959e+00
-1.820227006010821214e+00 1.596929256853592882e+00
-1.834988640975240726e+00 1.589567525909583612e+00
-1.849729489037657215e+00 1.582083117738577460e+00
-1.864448589968116687e+00 1.574476003791532408e+00
-1.879144982362753957e+00 1.566746162751619265e+00
-1.893817703696822674e+00 1.558893580547814128e+00
-1.908465790377850135e+00 1.550918250368103601e+00
-1.923088277798905343e+00 1.542820172672316081e+00
-1.937684200392001621e+00 1.534599355204561144e+00
-1.952252591681599814e+00 1.526255813005289674e+00
-1.966792484338233837e+00 1.517789568422968305e+00
-1.981302910232243475e+00 1.509200651125367498e+00
-1.995782900487616196e+00 1.500489098110460162e+00
-2.010231485535933338e+00 1.491654953716937237e+00
-2.024647695170419759e+00 1.482698269634329824e+00
-2.039030558600092746e+00 1.473619104912742950e+00
-2.053379104504006403e+00 1.464417525972200762e+00
-2.067692361085592623e+00 1.455093606611597368e+00
-2.081969356127092219e+00 1.445647428017257319e+00
-2.096209117044073089e+00 1.436079078771100637e+00
-2.110410670940035427e+00 1.426388654858420590e+00
-2.124573044661103083e+00 1.416576259675257354e+00
-2.138695264850788647e+00 1.406642004035383309e+00
-2.152776358004840684e+00 1.396586006176889994e+00
-2.166815350526163364e+00 1.386408391768379822e+00
-2.180811268779809797e+00 1.376109293914757226e+00
-2.194763139148040665e+00 1.365688853162626115e+00
-2.208669988085453451e+00 1.355147217505284774e+00
-2.222530842174170296e+00 1.344484542387323955e+00
-2.236344728179091579e+00 1.333700990708823975e+00
-2.250110673103199233e+00 1.322796732829152111e+00
-2.263827704242924455e+00 1.311771946570358338e+00
-2.277494849243559383e+00 1.300626817220168707e+00
-2.291111136154718952e+00 1.289361537534581492e+00
-2.304675593485853380e+00 1.277976307740052553e+00
-2.318187250261801502e+00 1.266471335535283904e+00
-2.331645136078378755e+00 1.254846836092608386e+00
-2.345048281158013559e+00 1.243103032058967550e+00
-2.358395716405407239e+00 1.231240153556487860e+00
-2.371686473463234357e+00 1.219258438182650339e+00
-2.384919584767866585e+00 1.207158131010056978e+00
-2.398094083605123661e+00 1.194939484585789025e+00
-2.411209004166049219e+00 1.182602758930363818e+00
-2.424263381602703493e+00 1.170148221536279953e+00
-2.437256252083977337e+00 1.157576147366160102e+00
-2.450186652851413349e+00 1.144886818850489041e+00
-2.463053622275050092e+00 1.132080525884936018e+00
-2.475856199909261868e+00 1.119157565827280765e+00
-2.488593426548614929e+00 1.106118243493924735e+00
-2.501264344283716134e+00 1.092962871155997551e+00
-2.513867996557072271e+00 1.079691768535057106e+00
-2.526403428218936043e+00 1.066305262798377784e+00
-2.538869685583152958e+00 1.052803688553835215e+00
-2.551265816482995774e+00 1.039187387844379140e+00
-2.563590870326989180e+00 1.025456710142101713e+00
-2.575843898154715372e+00 1.011612012341894129e+00
-2.588023952692608987e+00 9.976536587546969148e-01
-2.600130088409723150e+00 9.835820211003409863e-01
-2.612161361573477336e+00 9.693974784999846994e-01
-2.624116830305376791e+00 9.551004174681327896e-01
-2.635995554636703986e+00 9.406912319042572967e-01
-2.647796596564174099e+00 9.261703230840049317e-01
-2.659519020105558962e+00 9.115380996499976574e-01
-2.671161891355269269e+00 8.967949776022252628e-01
-2.682724278539898144e+00 8.819413802880299302e-01
-2.694205252073720303e+00 8.669777383916825730e-01
-2.705603884614142363e+00 8.519044899235526103e-01
-2.716919251117103418e+00 8.367220802088696230e-01
-2.728150428892425872e+00 8.214309618760776699e-01
-2.739296497659102769e+00 8.060315948447833723e-01
-2.750356539600537609e+00 7.905244463132956589e-01
-2.761329639419709991e+00 7.749099907457638325e-01
-2.772214884394287093e+00 7.591887098589005234e-01
-2.783011364431659196e+00 7.433610926083074055e-01
-2.793718172123912158e+00 7.274276351743910185e-01
-2.804334402802718618e+00 7.113888409478755781e-01
-2.814859154594159918e+00 6.952452205149077802e-01
-2.825291528473463210e+00 6.789972916417612581e-01
-2.835630628319660840e+00 6.626455792591333660e-01
-2.845875560970159146e+00 6.461906154460408391e-01
-2.856025436275226426e+00 6.296329394133111101e-01
-2.866079367152381874e+00 6.129730974866711701e-01
-2.876036469640696591e+00 5.962116430894347507e-01
-2.885895862954996449e+00 5.793491367247857182e-01
-2.895656669539960149e+00 5.623861459576674493e-01
-2.905318015124125353e+00 5.453232453962586490e-01
-2.914879028773777137e+00 5.281610166730618117e-01
-2.924338842946738293e+00 5.109000484255860064e-01
-2.933696593546039733e+00 4.935409362766324248e-01
-2.942951419973483862e+00 4.760842828141811922e-01
-2.952102465183085389e+00 4.585306975708812183e-01
-2.961148875734396224e+00 4.408807970031431989e-01
-2.970089801845704702e+00 4.231352044698362125e-01
-2.978924397447110461e+00 4.052945502105895770e-01
-2.987651820233470978e+00 3.873594713236988563e-01
-2.996271231717215766e+00 3.693306117436384040e-01
-3.004781797281024236e+00 3.512086222181857176e-01
-3.013182686230372553e+00 3.329941602851416715e-01
-3.021473071845934388e+00 3.146878902486714980e-01
-3.029652131435841778e+00 2.962904831552489737e-01
-3.037719046387798993e+00 2.778026167692124182e-01
-3.045673002221047643e+00 2.592249755479311135e-01
-3.053513188638182996e+00 2.405582506165847290e-01
-3.061238799576812664e+00 2.218031397425545004e-01
-3.068849033261061621e+00 2.029603473094295230e-01
-3.076343092252911138e+00 1.840305842906271028e-01
-3.083720183503385837e+00 1.650145682226292487e-01
-3.090979518403564441e+00 1.459130231778358877e-01
-3.098120312835428436e+00 1.267266797370349141e-01
-3.105141787222536198e+00 1.074562749614974971e-01
-3.112043166580528819e+00 8.810255236468014783e-02
-3.118823680567452072e+00 6.866626188356136917e-02
-3.125482563533904745e+00 4.914815984959354511e-02
-3.132019054573001782e+00 2.954900895927968854e-02
-3.138432397570154020e+00 9.869578244374496712e-03
-3.144721841252659189e+00 -9.889356958288911953e-03
-3.150886639239104170e+00 -2.972701503734546946e-02
-3.156926050088571412e+00 -4.964260813781665171e-02
-3.162839337349653945e+00 -6.963534219239976564e-02
-3.168625769609265674e+00 -8.970441695312668384e-02
-3.174284620541256707e+00 -1.098490260233909860e-01
-3.179815168954821303e+00 -1.300683568903433784e-01
-3.185216698842698424e+00 -1.503615909576457854e-01
-3.190488499429165348e+00 -1.707279035786040400e-01
-3.195629865217820331e+00 -1.911664640896492406e-01
-3.200640096039144122e+00 -2.116764358441880767e-01
-3.205518497097851416e+00 -2.322569762468120191e-01
-3.210264379020020264e+00 -2.529072367878650862e-01
-3.214877057899994561e+00 -2.736263630783695722e-01
-3.219355855347069362e+00 -2.944134948853074363e-01
-3.223700098531939062e+00 -3.152677661672565468e-01
-3.227909120232923534e+00 -3.361883051103797260e-01
-3.231982258881955339e+00 -3.571742341647659025e-01
-3.235918858610333348e+00 -3.782246700811208173e-01
-3.239718269294239672e+00 -3.993387239478081718e-01
-3.243379846600010996e+00 -4.205155012282303373e-01
-3.246902952029173672e+00 -4.417541017985692209e-01
-3.250286952963224785e+00 -4.630536199858563684e-01
-3.253531222708170745e+00 -4.844131446063924540e-01
-3.256635140538814532e+00 -5.058317590045067202e-01
-3.259598091742783144e+00 -5.273085410916541482e-01
-3.262419467664306794e+00 -5.488425633858511343e-01
-3.265098665747735662e+00 -5.704328930514466212e-01
-3.267635089580795071e+00 -5.920785919392261842e-01
-3.270028148937579093e+00 -6.137787166268504624e-01
-3.272277259821277262e+00 -6.355323184596218811e-01
-3.274381844506630390e+00 -6.573384435915814450e-01
-3.276341331582122152e+00 -6.791961330269340458e-01
-3.278155155991887781e+00 -7.011044226617911823e-01
-3.279822759077357652e+00 -7.230623433262517441e-01
-3.281343588618611307e+00 -7.450689208267905483e-01
-3.282717098875461037e+00 -7.671231759889728385e-01
-3.283942750628246809e+00 -7.892241247004864180e-01
-3.285020011218347413e+00 -8.113707779544888643e-01
-3.285948354588403397e+00 -8.335621418932692706e-01
-3.286727261322250015e+00 -8.557972178522224027e-01
-3.287356218684558851e+00 -8.780750024041337198e-01
-3.287834720660182786e+00 -9.003944874037701496e-01
-3.288162267993207877e+00 -9.227546600327821702e-01
-3.288338368225698360e+00 -9.451545028449048758e-01
-3.288362535736148562e+00 -9.675929938114669060e-01
-3.288234291777626161e+00 -9.900691063671906988e-01
-3.287953164515610815e+00 -1.012581809456306825e+00
-3.287518689065521915e+00 -1.035130067578948543e+00
-3.286930407529939924e+00 -1.057712840837850443e+00
-3.286187869035510634e+00 -1.080329084985335086e+00
-3.285290629769539450e+00 -1.102977751470591850e+00
-3.284238253016261488e+00 -1.125657787487243100e+00
-3.283030309192799479e+00 -1.148368136021196584e+00
-3.281666375884796150e+00 -1.171107735898780922e+00
-3.280146037881721544e+00 -1.193875521835163545e+00
-3.278468887211858807e+00 -1.216670424483048407e+00
-3.276634523176959135e+00 -1.239491370481650589e+00
-3.274642552386567651e+00 -1.262337282505940905e+00
-3.272492588792014878e+00 -1.285207079316176948e+00
-3.270184253720078260e+00 -1.308099675807690376e+00
-3.267717175906303950e+00 -1.331013983060949313e+00
-3.265090991527991537e+00 -1.353948908391886308e+00
-3.262305344236837712e+00 -1.376903355402490092e+00
-3.259359885191239314e+00 -1.399876224031658012e+00
-3.256254273088249107e+00 -1.422866410606308030e+00
-3.252988174195187820e+00 -1.445872807892749190e+00
-3.249561262380907145e+00 -1.468894305148303880e+00
-3.245973219146702338e+00 -1.491929788173185001e+00
-3.242223733656870888e+00 -1.514978139362621379e+00
-3.238312502768921242e+00 -1.538038237759232985e+00
-3.234239231063421816e+00 -1.561108959105642402e+00
-3.230003630873491183e+00 -1.584189175897347202e+00
-3.225605422313935655e+00 -1.607277757435812804e+00
-3.221044333310014274e+00 -1.630373569881815810e+00
-3.216320099625849860e+00 -1.653475476309016701e+00
-3.211432464892470584e+00 -1.676582336757768577e+00
-3.206381180635483830e+00 -1.699693008289155038e+00
-3.201166006302383682e+00 -1.722806345039255671e+00
-3.195786709289484495e+00 -1.745921198273639119e+00
-3.190243064968485420e+00 -1.769036416442075099e+00
-3.184534856712660122e+00 -1.792150845233471124e+00
-3.178661875922666358e+00 -1.815263327631024382e+00
-3.172623922051984735e+00 -1.838372703967591670e+00
-3.166420802631973785e+00 -1.861477811981262942e+00
-3.160052333296543559e+00 -1.884577486871162444e+00
-3.153518337806452188e+00 -1.907670561353440597e+00
-3.146818648073208546e+00 -1.930755865717479036e+00
-3.139953104182599652e+00 -1.953832227882294825e+00
-3.132921554417825494e+00 -1.976898473453149174e+00
-3.125723855282242170e+00 -1.999953425778344895e+00
-3.118359871521719118e+00 -2.022995906006228140e+00
-3.110829476146602879e+00 -2.046024733142373098e+00
-3.103132550453287397e+00 -2.069038724106962324e+00
-3.095268984045386418e+00 -2.092036693792347801e+00
-3.087238674854514642e+00 -2.115017455120801415e+00
-3.079041529160663870e+00 -2.137979819102442836e+00
-3.070677461612188353e+00 -2.160922594893340598e+00
-3.062146395245378017e+00 -2.183844589853803697e+00
-3.053448261503640460e+00 -2.206744609606830831e+00
-3.044583000256272154e+00 -2.229621458096734621e+00
-3.035550559816825533e+00 -2.252473937647935909e+00
-3.026350896961071957e+00 -2.275300849023919714e+00
-3.016983976944554335e+00 -2.298100991486352829e+00
-3.007449773519731195e+00 -2.320873162854359517e+00
-2.997748268952712181e+00 -2.343616159563957968e+00
-2.987879454039576554e+00 -2.366328776727641525e+00
-2.977843328122285804e+00 -2.389009808194120232e+00
-2.967639899104176582e+00 -2.411658046608200934e+00
-2.957269183465040641e+00 -2.434272283470815701e+00
-2.946731206275785997e+00 -2.456851309199195921e+00
-2.936026001212680647e+00 -2.479393913187179166e+00
-2.925153610571181062e+00 -2.501898883865655954e+00
-2.914114085279334798e+00 -2.524365008763144846e+00
-2.902907484910765668e+00 -2.546791074566507440e+00
-2.891533877697233912e+00 -2.569175867181777928e+00
-2.879993340540774494e+00 -2.591518171795129888e+00
-2.868285959025410392e+00 -2.613816772933953647e+00
-2.856411827428439132e+00 -2.636070454528060214e+00
-2.844371048731296980e+00 -2.658277999970998007e+00
-2.832163734629986607e+00 -2.680438192181478385e+00
-2.819790005545085965e+00 -2.702549813664921530e+00
-2.807249990631321968e+00 -2.724611646575091584e+00
-2.794543827786713397e+00 -2.746622472775858359e+00
-2.781671663661284377e+00 -2.768581073903040757e+00
-2.768633653665345307e+00 -2.790486231426354991e+00
-2.755429961977338582e+00 -2.812336726711461843e+00
-2.742060761551252224e+00 -2.834131341082097411e+00
-2.728526234123596517e+00 -2.855868855882298440e+00
-2.714826570219948554e+00 -2.877548052538714707e+00
-2.700961969161054022e+00 -2.899167712622996884e+00
-2.686932639068495998e+00 -2.920726617914273238e+00
-2.672738796869927658e+00 -2.942223550461695591e+00
-2.658380668303857775e+00 -2.963657292647063457e+00
-2.643858487924005907e+00 -2.985026627247520103e+00
-2.629172499103212601e+00 -3.006330337498304583e+00
-2.614322954036907287e+00 -3.027567207155589468e+00
-2.599310113746137851e+00 -3.048736020559358550e+00
-2.584134248080152130e+00 -3.069835562696362263e+00
-2.568795635718551740e+00 -3.090864619263100632e+00
-2.553294564172976067e+00 -3.111821976728901262e+00
-2.537631329788370582e+00 -3.132706422398997326e+00
-2.521806237743794643e+00 -3.153516744477687705e+00
-2.505819602052774986e+00 -3.174251732131535775e+00
-2.489671745563247107e+00 -3.194910175552579279e+00
-2.473362999957005925e+00 -3.215490866021623706e+00
-2.456893705748753209e+00 -3.235992595971517005e+00
-2.440264212284659173e+00 -3.256414159050508683e+00
-2.423474877740513289e+00 -3.276754350185583142e+00
-2.406526069119390154e+00 -3.297011965645868070e+00
-2.389418162248904132e+00 -3.317185803106014852e+00
-2.372151541777979489e+00 -3.337274661709645596e+00
-2.354726601173205314e+00 -3.357277342132768183e+00
-2.337143742714710815e+00 -3.377192646647245944e+00
-2.319403377491616958e+00 -3.397019379184240240e+00
-2.301505925397024033e+00 -3.416756345397677030e+00
-2.283451815122540030e+00 -3.436402352727726761e+00
-2.265241484152390683e+00 -3.455956210464245171e+00
-2.246875378757039243e+00 -3.475416729810258065e+00
-2.228353953986391911e+00 -3.494782723945395020e+00
-2.209677673662520103e+00 -3.514053008089350616e+00
-2.190847010371963499e+00 -3.533226399565295939e+00
-2.171862445457548141e+00 -3.552301717863313169e+00
-2.152724469009790198e+00 -3.571277784703765334e+00
-2.133433579857808571e+00 -3.590153424100690494e+00
-2.113990285559830262e+00 -3.608927462425123522e+00
-2.094395102393197039e+00 -3.627598728468434341e+00
-2.074648555343963530e+00 -3.646166053505588422e+00
-2.054751178096020148e+00 -3.664628271358404188e+00
-2.034703513019759935e+00 -3.682984218458768666e+00
-2.014506111160322188e+00 -3.701232733911784756e+00
-1.994159532225347364e+00 -3.719372659558912275e+00
-1.973664344572321205e+00 -3.737402840041020191e+00
-1.953021125195425700e+00 -3.755322122861428191e+00
-1.932230459711982151e+00 -3.773129358448851445e+00
-1.911292942348401747e+00 -3.790823400220332040e+00
-1.890209175925727125e+00 -3.808403104644059844e+00
-1.868979771844681670e+00 -3.825867331302183594e+00
-1.847605350070313346e+00 -3.843214942953498525e+00
-1.826086539116140939e+00 -3.860444805596115803e+00
-1.804423976027897725e+00 -3.877555788530014702e+00
-1.782618306366795746e+00 -3.894546764419544616e+00
-1.760670184192338006e+00 -3.911416609355844454e+00
-1.738580272044718766e+00 -3.928164202919159020e+00
-1.716349240926723363e+00 -3.944788428241098988e+00
-1.693977770285234108e+00 -3.961288172066778746e+00
-1.671466547992237706e+00 -3.977662324816896522e+00
-1.648816270325436095e+00 -3.993909780649680386e+00
-1.626027641948360802e+00 -4.010029437522771190e+00
-1.603101375890091385e+00 -4.026020197254973176e+00
-1.580038193524478274e+00 -4.041880965587926866e+00
-1.556838824548972378e+00 -4.057610652247642058e+00
-1.533504006962957744e+00 -4.073208171005953560e+00
-1.510034487045688989e+00 -4.088672439741827702e+00
-1.486431019333756209e+00 -4.104002380502575598e+00
-1.462694366598102258e+00 -4.119196919564942938e+00
-1.438825299820635228e+00 -4.134254987496054135e+00
-1.414824598170348224e+00 -4.149175519214260532e+00
-1.390693048979053215e+00 -4.163957454049824314e+00
-1.366431447716618397e+00 -4.178599735805503812e+00
-1.342040597965824533e+00 -4.193101312816964743e+00
-1.317521311396725903e+00 -4.207461138013091073e+00
-1.292874407740629783e+00 -4.221678168976109369e+00
-1.268100714763582104e+00 -4.235751368001611006e+00
-1.243201068239471407e+00 -4.249679702158386974e+00
-1.218176311922661625e+00 -4.263462143348133004e+00
-1.193027297520191210e+00 -4.277097668364997496e+00
-1.167754884663572135e+00 -4.290585258954950909e+00
-1.142359940880106173e+00 -4.303923901875026381e+00
-1.116843341563825254e+00 -4.317112588952361385e+00
-1.091205969945942877e+00 -4.330150317143099059e+00
-1.065448717064934714e+00 -4.343036088591092359e+00
-1.039572481736133147e+00 -4.355768910686466988e+00
-1.013578170520949673e+00 -4.368347796123966731e+00
-9.874666976956161246e-01 -4.380771762961160221e+00
-9.612389852195549755e-01 -4.393039834676422117e+00
-9.348959627032694675e-01 -4.405151040226773063e+00
-9.084385673758632596e-01 -4.417104414105486931e+00
-8.818677440521033306e-01 -4.428898996399532884e+00
-8.551844450990582214e-01 -4.440533832846821127e+00
-8.283896304023574686e-01 -4.452007974893226638e+00
-8.014842673319725330e-01 -4.463320479749446790e+00
-7.744693307076432331e-01 -4.474470410447617397e+00
-7.473458027638247847e-01 -4.485456835897754679e+00
-7.201146731142823443e-01 -4.496278830943957416e+00
-6.927769387162096004e-01 -4.506935476420419917e+00
-6.653336038339966452e-01 -4.517425859207211403e+00
-6.377856800025243356e-01 -4.527749072285843113e+00
-6.101341859901110443e-01 -4.537904214794609814e+00
-5.823801477609882316e-01 -4.547890392083716371e+00
-5.545245984374285175e-01 -4.557706715770152073e+00
-5.265685782614264454e-01 -4.567352303792360679e+00
-4.985131345559775662e-01 -4.576826280464662666e+00
-4.703593216859914272e-01 -4.586127776531434108e+00
-4.421082010187454281e-01 -4.595255929221063518e+00
-4.137608408840013907e-01 -4.604209882299644896e+00
-3.853183165336597771e-01 -4.612988786124442520e+00
-3.567817101010813952e-01 -4.621591797697091941e+00
-3.281521105599485844e-01 -4.630018080716566509e+00
-2.994306136827973308e-01 -4.638266805631866774e+00
-2.706183219990926925e-01 -4.646337149694477198e+00
-2.417163447529773468e-01 -4.654228297010540416e+00
-2.127257978605670286e-01 -4.661939438592783702e+00
-1.836478038669188129e-01 -4.669469772412170983e+00
-1.544834919025729891e-01 -4.676818503449291065e+00
-1.252339976397108534e-01 -4.683984843745472304e+00
-9.590046324797078803e-02 -4.690968012453616609e+00
-6.648403734982211155e-02 -4.697767235888774096e+00
-3.698587497562588755e-02 -4.704381747578409545e+00
-7.407137518252169747e-03 -4.710810788312421060e+00
2.225100731261168627e-02 -4.717053606192835424e+00
5.198738553659308648e-02 -4.723109456683252105e+00
8.180081694907123668e-02 -4.728977602657962187e+00
1.116901151680511906e-01 -4.734657314450803511e+00
1.416540876813389693e-01 -4.740147869903695188e+00
1.716915358941501490e-01 -4.745448554414890552e+00
2.018012551770197449e-01 -4.750558660986917481e+00
2.319820349141163973e-01 -4.755477490274215846e+00
2.622326585519177966e-01 -4.760204350630478309e+00
2.925519036482014945e-01 -4.764738558155662496e+00
3.229385419214566566e-01 -4.769079436742709177e+00
3.533913393005816972e-01 -4.773226318123930945e+00
3.839090559750034659e-01 -4.777178541917094456e+00
4.144904464450778758e-01 -4.780935455671173173e+00
4.451342595729081975e-01 -4.784496414911786566e+00
4.758392386334404645e-01 -4.787860783186302704e+00
5.066041213659729925e-01 -4.791027932108623766e+00
5.374276400259375697e-01 -4.793997241403634035e+00
5.683085214370922067e-01 -4.796768098951317505e+00
5.992454870439842818e-01 -4.799339900830539740e+00
6.302372529647953803e-01 -4.801712051362486022e+00
6.612825300445178689e-01 -4.803883963153774417e+00
6.923800239084197949e-01 -4.805855057139205577e+00
7.235284350159060240e-01 -4.807624762624181258e+00
7.547264587146337300e-01 -4.809192517326769334e+00
7.859727852950250115e-01 -4.810557767419420649e+00
8.172661000450304192e-01 -4.811719967570327050e+00
8.486050833052836140e-01 -4.812678580984438348e+00
8.799884105245033838e-01 -4.813433079444100038e+00
9.114147523152817953e-01 -4.813982943349353505e+00
9.428827745101140412e-01 -4.814327661757856980e+00
9.743911382178117586e-01 -4.814466732424451223e+00
1.005938499880156378e+00 -4.814399661840353062e+00
1.037523511328904968e+00 -4.814125965271984775e+00
1.069144819843097061e+00 -4.813645166799424224e+00
1.100801068206621602e+00 -4.812956799354489057e+00
1.132490894766146949e+00 -4.812060404758438992e+00
1.164212933489276569e+00 -4.810955533759304181e+00
1.195965814023071117e+00 -4.809641746068825441e+00
1.227748161752788780e+00 -4.808118610399021442e+00
1.259558597860987117e+00 -4.806385704498364220e+00
1.291395739386840269e+00 -4.804442615187567434e+00
1.323258199285809011e+00 -4.802288938394985607e+00
1.355144586489525294e+00 -4.799924279191629672e+00
1.387053505966020284e+00 -4.797348251825772181e+00
1.418983558780168686e+00 -4.794560479757171478e+00
1.450933342154445915e+00 -4.791560595690892654e+00
1.482901449529959281e+00 -4.788348241610727030e+00
1.514886470627701209e+00 -4.784923068812210190e+00
1.546886991510135090e+00 -4.781284737935237672e+00
1.578901594642974526e+00 -4.777432918996271205e+00
1.610928858957291432e+00 -4.773367291420139935e+00
1.642967359911813086e+00 -4.769087544071431317e+00
1.675015669555543374e+00 -4.764593375285462784e+00
1.707072356590565887e+00 -4.759884492898852848e+00
1.739135986435168313e+00 -4.754960614279660547e+00
1.771205121287140027e+00 -4.749821466357117217e+00
1.803278320187388539e+00 -4.744466785650938156e+00
1.835354139083725800e+00 -4.738896318300202637e+00
1.867431130894940949e+00 -4.733109820091825348e+00
1.899507845575107101e+00 -4.727107056488583758e+00
1.931582830178077081e+00 -4.720887802656738685e+00
1.963654628922274714e+00 -4.714451843493206340e+00
1.995721783255641535e+00 -4.707798973652315588e+00
2.027782831920882600e+00 -4.700928997572115797e+00
2.059836311020857291e+00 -4.693841729500269899e+00
2.091880754084262328e+00 -4.686536993519486494e+00
2.123914692131460225e+00 -4.679014623572542497e+00
2.155936653740588849e+00 -4.671274463486838613e+00
2.187945165113811541e+00 -4.663316366998535578e+00
2.219938750143843009e+00 -4.655140197776227673e+00
2.251915930480615557e+00 -4.646745829444189901e+00
2.283875225598186898e+00 -4.638133145605165986e+00
2.315815152861848691e+00 -4.629302039862712270e+00
2.347734227595382972e+00 -4.620252415843094873e+00
2.379630963148580136e+00 -4.610984187216729424e+00
2.411503870964870178e+00 -4.601497277719173162e+00
2.443351460649217266e+00 -4.591791621171663174e+00
2.475172240036117355e+00 -4.581867161501197216e+00
2.506964715257856025e+00 -4.571723852760150919e+00
2.538727390812864027e+00 -4.561361659145451775e+00
2.570458769634322405e+00 -4.550780555017277074e+00
2.602157353158863096e+00 -4.539980524917300642e+00
2.633821641395513335e+00 -4.528961563586467953e+00
2.665450132994731103e+00 -4.517723675982320941e+00
2.697041325317652838e+00 -4.506266877295838746e+00
2.728593714505492596e+00 -4.494591192967825499e+00
2.760105795549056662e+00 -4.482696658704827364e+00
2.791576062358474886e+00 -4.470583320494567303e+00
2.823003007833008393e+00 -4.458251234620933978e+00
2.854385123931077128e+00 -4.445700467678469714e+00
2.885720901740351785e+00 -4.432931096586409936e+00
2.917008831548065118e+00 -4.419943208602227891e+00
2.948247402911380544e+00 -4.406736901334721956e+00
2.979435104727966355e+00 -4.393312282756605569e+00
3.010570425306636544e+00 -4.379669471216640630e+00
3.041651852438155501e+00 -4.365808595451276197e+00
3.072677873466171494e+00 -4.351729794595807554e+00
3.103646975358223425e+00 -4.337433218195068108e+00
3.134557644776928775e+00 -4.322919026213615901e+00
3.165408368151215956e+00 -4.308187389045462723e+00
3.196197631747738743e+00 -4.293238487523289848e+00
3.226923921742322676e+00 -4.278072512927212578e+00
3.257585724291587326e+00 -4.262689666993012771e+00
3.288181525604600530e+00 -4.247090161919942375e+00
3.318709812014695615e+00 -4.231274220377972739e+00
3.349169070051314812e+00 -4.215242075514618492e+00
3.379557786512011219e+00 -4.198993970961214295e+00
3.409874448534472524e+00 -4.182530160838747513e+00
3.440117543668673505e+00 -4.165850909763168630e+00
3.470285559949106258e+00 -4.148956492850213174e+00
3.500376985967041055e+00 -4.131847195719752008e+00
3.530390310942935983e+00 -4.114523314499611395e+00
3.560324024798836806e+00 -4.096985155828934744e+00
3.590176618230914496e+00 -4.079233036861014128e+00
3.619946582782004096e+00 -4.061267285265662608e+00
3.649632410914263048e+00 -4.043088239231044767e+00
3.679232596081823736e+00 -4.024696247465056054e+00
3.708745632803566394e+00 -4.006091669196165661e+00
3.738170016735870682e+00 -3.987274874173786010e+00
3.767504244745484510e+00 -3.968246242668121315e+00
3.796746814982374207e+00 -3.949006165469540530e+00
3.825896226952649748e+00 -3.929555043887426269e+00
3.854950981591533488e+00 -3.909893289748529455e+00
3.883909581336313366e+00 -3.890021325394837692e+00
3.912770530199394248e+00 -3.869939583680909845e+00
3.941532333841303970e+00 -3.849648507970747868e+00
3.970193499643788648e+00 -3.829148552134119310e+00
3.998752536782861799e+00 -3.808440180542426834e+00
4.027207956301936953e+00 -3.787523868064020860e+00
4.055558271184902530e+00 -3.766400100059061895e+00
4.083801996429273551e+00 -3.745069372373822425e+00
4.111937649119282057e+00 -3.723532191334542496e+00
4.139963748499035034e+00 -3.701789073740719971e+00
4.167878816045607948e+00 -3.679840546857948702e+00
4.195681375542179126e+00 -3.657687148410219802e+00
4.223369953151145495e+00 -3.635329426571711764e+00
4.250943077487197463e+00 -3.612767939958111629e+00
4.278399279690425772e+00 -3.590003257617379706e+00
4.305737093499361734e+00 -3.567035959020057767e+00
4.332955055324036131e+00 -3.543866634049020359e+00
4.360051704318974153e+00 -3.520495882988774472e+00
4.387025582456201889e+00 -3.496924316514190778e+00
4.413875234598170216e+00 -3.473152555678794329e+00
4.440599208570699119e+00 -3.449181231902482381e+00
4.467196055235821639e+00 -3.425010986958795911e+00
4.493664328564645594e+00 -3.400642472961629359e+00
4.520002585710110488e+00 -3.376076352351483401e+00
4.546209387079731989e+00 -3.351313297881177711e+00
4.572283296408293118e+00 -3.326353992601056131e+00
4.598222880830436843e+00 -3.301199129843720659e+00
4.624026710953263120e+00 -3.275849413208207661e+00
4.649693360928789154e+00 -3.250305556543710672e+00
4.675221408526408773e+00 -3.224568283932744972e+00
4.700609435205220343e+00 -3.198638329673861413e+00
4.725856026186336933e+00 -3.172516438263792704e+00
4.750959770525063242e+00 -3.146203364379164480e+00
4.775919261183038778e+00 -3.119699872857628176e+00
4.800733095100251369e+00 -3.093006738678556911e+00
4.825399873267009809e+00 -3.066124746943178270e+00
4.849918200795770851e+00 -3.039054692854252337e+00
4.874286686992912010e+00 -3.011797381695217268e+00
4.898503945430396911e+00 -2.984353628808821934e+00
4.922568594017305621e+00 -2.956724259575302938e+00
4.946479255071317027e+00 -2.928910109389994521e+00
4.970234555390013576e+00 -2.900912023640506376e+00
4.993833126322138938e+00 -2.872730857683325922e+00
5.017273603838676266e+00 -2.844367476819996021e+00
5.040554628603863385e+00 -2.815822756272718053e+00
5.063674846046033018e+00 -2.787097581159526438e+00
5.086632906428374845e+00 -2.758192846468895620e+00
5.109427464919512829e+00 -2.729109457033914499e+00
5.132057181664005263e+00 -2.699848327505897316e+00
5.154520721852654752e+00 -2.670410382327561116e+00
5.176816755792710723e+00 -2.640796555705662296e+00
5.198943958977928936e+00 -2.611007791583138005e+00
5.220901012158441823e+00 -2.581045043610796341e+00
5.242686601410539993e+00 -2.550909275118448338e+00
5.264299418206234371e+00 -2.520601459085610507e+00
5.285738159482716192e+00 -2.490122578111653606e+00
5.307001527711606492e+00 -2.459473624385521084e+00
5.328088230968083927e+00 -2.428655599654891528e+00
5.348996982999799421e+00 -2.397669515194921441e+00
5.369726503295668252e+00 -2.366516391776423589e+00
5.390275517154430318e+00 -2.335197259633633671e+00
5.410642755753091393e+00 -2.303713158431414332e+00
5.430826956215121903e+00 -2.272065137232042620e+00
5.450826861678514490e+00 -2.240254254461464978e+00
5.470641221363641726e+00 -2.208281577875069512e+00
5.490268790640897123e+00 -2.176148184523019946e+00
5.509708331098178036e+00 -2.143855160715038455e+00
5.528958610608131430e+00 -2.111403601984781275e+00
5.548018403395234444e+00 -2.078794613053660978e+00
5.566886490102624485e+00 -2.046029307794263286e+00
5.585561657858771234e+00 -2.013108809193211890e+00
5.604042700343881300e+00 -1.980034249313631811e+00
5.622328417856136795e+00 -1.946806769257062975e+00
5.640417617377670112e+00 -1.913427519124974552e+00
5.658309112640353966e+00 -1.879897657979730186e+00
5.676001724191335640e+00 -1.846218353805153312e+00
5.693494279458350071e+00 -1.812390783466578004e+00
5.710785612814818890e+00 -1.778416132670424643e+00
5.727874565644675897e+00 -1.744295595923361475e+00
5.744759986406991814e+00 -1.710030376490925708e+00
5.761440730700320145e+00 -1.675621686355756479e+00
5.777915661326832542e+00 -1.641070746175290695e+00
5.794183648356168170e+00 -1.606378785239068963e+00
5.810243569189064594e+00 -1.571547041425508162e+00
5.826094308620698214e+00 -1.536576761158291893e+00
5.841734758903804448e+00 -1.501469199362223561e+00
5.857163819811494143e+00 -1.466225619418700665e+00
5.872380398699831971e+00 -1.430847293120682373e+00
5.887383410570143916e+00 -1.395335500627205016e+00
5.902171778131030777e+00 -1.359691530417499461e+00
5.916744431860139208e+00 -1.323916679244579342e+00
5.931100310065618331e+00 -1.288012252088465370e+00
5.945238358947327661e+00 -1.251979562108881394e+00
5.959157532657732403e+00 -1.215819930597587195e+00
5.972856793362531391e+00 -1.179534686930188148e+00
5.986335111300975953e+00 -1.143125168517584278e+00
5.999591464845911659e+00 -1.106592720756899961e+00
6.012624840563505657e+00 -1.069938696982055903e+00
6.025434233272689788e+00 -1.033164458413825759e+00
6.038018646104276854e+00 -9.962713741095354791e-01
6.050377090559797999e+00 -9.592608209122780449e-01
6.062508586570009683e+00 -9.221341833996999915e-01
6.074412162553089800e+00 -8.848928538324105642e-01
6.086086855472528256e+00 -8.475382321018861687e-01
6.097531710894685375e+00 -8.100717256780364250e-01
6.108745783046034994e+00 -7.724947495562609623e-01
6.119728134870078939e+00 -7.348087262041727019e-01
6.130477838083939091e+00 -6.970150855078166563e-01
6.140993973234603942e+00 -6.591152647175582135e-01
6.151275629754864305e+00 -6.211107083934716000e-01
6.161321906018879524e+00 -5.830028683504019371e-01
6.171131909397436388e+00 -5.447932036025309177e-01
6.180704756312838555e+00 -5.064831803076162986e-01
6.190039572293464687e+00 -4.680742717107700956e-01
6.199135492027974870e+00 -4.295679580878346004e-01
6.207991659419153763e+00 -3.909657266884098981e-01
6.216607227637418021e+00 -3.522690716784016018e-01
6.224981359173946238e+00 -3.134794940822577258e-01
6.233113225893463394e+00 -2.745985017247239424e-01
6.241002009086648705e+00 -2.356276091722937227e-01
6.248646899522190878e+00 -1.965683376741800270e-01
6.256047097498454335e+00 -1.574222151029874006e-01
6.263201812894799936e+00 -1.181907758949099357e-01
6.270110265222497148e+00 -7.887556098963412199e-02
6.276771683675296920e+00 -3.947811776977253745e-02
6.283185307179586232e+00 -1.538936554977431818e-15
